7:17,654,302,84,58,616,1102,29,354,8
18:18,14035,7905,17123,17,27705,15122,518,5888,8
19:20
36:17,302,654,616,899,58,84,8,508,245
37:17,518,245,616,8,654,302,542,15,58
41:17,8,84,518,302,616,654,58,1102,542
42:17,616,8,302,654,58,518,101,84,76
43:70,17,1119,302,654,616,76,58,226,84
44:17,654,302,58,616,29,650,84,8,76
45:670,46,76,347,16995,564,17,302,14993,2081
46:17,654,302,84,616,58,518,8,29,70
59:17,302,654,8,84,616,518,58,70,76
60:17,654,302,58,616,29,84,866,354,8
69:17,616,302,654,8,58,518,84,542,15
70:17,866,302,654,361,224,84,58,616,76
94:17,8,616,518,245,542,654,302,15,61
106:17,302,654,616,58,76,650,542,84,8
115:17,302,654,616,58,84,76,8,650,542
116:81,17,2139,76,168,302,226,70,654,616
142:17,302,654,616,58,8,76,518,542,84
143:21533,139,89881,3231,394,483,1021,5117,1196,2031
148:17,81,508,226,616,302,654,8,70,58
150:616,58,17,76,302,654,224,650,8,29
156:17,654,302,518,616,58,8,84,15,29
161:17,302,654,58,616,8,84,518,1102,29
171:17,654,302,616,58,29,542,84,8,650
172:17,302,616,654,58,29,650,8,84,15
174:45977,8,518,483,654,431,1208,1023,873,3233
177:302,17,654,58,616,29,84,8,542,787
196:17,302,654,58,616,84,8,518,29,1102
202:17,654,302,616,58,76,84,8,29,650
211:931,17,1539,1127,1077,8,4481,508,302,873
217:17,61,616,654,302,518,568,8,58,15
220:3378,32261,36743,11408,10178,186,40483,22713,216,7649
223:17,302,654,616,58,542,8,15,84,518
224:3514,4797,353,1951,518,17,245,8,84,654
225:17,302,654,616,650,58,84,8,354,518
228:866,17,302,62,654,616,356,58,650,76
229:17,302,654,616,58,76,8,29,84,650
231:17,302,654,650,616,564,58,736,84,508
232:228,87404,190,50038,23961,113712,111953,107989,107510,736
238:508,17,1002,245,302,8,1065,76,616,564
241:17,302,654,616,58,8,84,29,518,650
245:242,81,16786,262,3939,5767,650,3137,780,508
249:17,866,302,354,245,654,361,616,58,84
250:17,302,76,654,616,58,650,8,15,84
253:238,17,4755,616,1352,429,302,76,654,8
257:17,302,654,616,58,76,8,650,29,518
272:17,302,84,654,58,616,1102,8,29,354
273:17,616,302,58,654,8,84,518,29,1102
288:17,302,654,616,8,58,518,542,84,564
290:70,17,508,1023,302,654,1462,616,138,84
291:8,17,84,518,302,616,654,1102,58,8213
292:17,302,654,84,616,8,58,518,29,1102
294:17,654,616,58,302,84,518,650,8,29
328:17,302,654,84,58,616,8,29,1102,354
331:17,29,302,654,616,58,61,322,8,542
345:42061,11841,337,1754,77581,805,385,120518,3250,16881
361:17,302,654,84,58,616,1102,29,866,8
376:654,17,302,58,616,29,162,239,84,8
384:17,58,616,302,654,8,542,861,518,238
401:17,302,654,8,616,84,58,76,518,564
402:17,616,302,58,654,76,29,650,8,84
410:564,17,736,76,302,616,654,168,1023,719
448:17,302,616,654,58,8,508,518,84,32
449:17,76,564,542,616,302,508,654,58,8
450:17,616,302,654,58,8,518,542,650,564
452:1097,17,302,616,13523,30463,17572,58,518,76
476:1451,17,4487,245,302,616,70,654,1023,518
488:17,654,302,616,8,84,58,650,518,542
490:17,616,654,302,58,8,84,518,542,564
494:302,17,616,654,58,76,650,8,84,542
500:236,17,302,616,654,58,76,8,650,84
514:17,32,616,302,654,58,236,409,76,8
525:17,76,302,8,654,616,84,58,81,899
535:302,17,654,616,58,84,29,8,15,1102
536:17,302,654,616,564,58,84,8,76,518
538:17,8,84,302,518,654,616,58,542,1102
539:17,302,616,76,654,58,650,8,84,29
564:17,302,654,616,58,29,84,8,542,354
582:17,302,654,58,616,8,650,84,29,542
585:17,354,302,654,616,1023,58,84,8,29
590:17,302,616,58,654,84,1102,8,29,138
601:51329,27493,583,75023,105155,94414,90819,90054,118676,69110
618:81,70,17,698,302,616,654,58,76,226
624:378,17,76,508,8,654,302,616,518,84
627:13348,14210,36266,607,31368,110991,27412,41261,11539,5512
628:47601,3915,508,31954,3280,82008,1580,8283,8276,407
632:225,4194,44,17,3819,81,8,616,654,226
633:17,616,302,654,58,542,8,84,518,101
634:81,17,2967,226,76,70,616,58,508,302
646:866,361,17,2139,698,302,654,76,616,58
666:7926,5319,7268,1997,33228,12169,13247,36865,22504,54030
667:650,17,508,302,616,654,58,8,76,564
669:2869,652,518,10493,736,46436,17,1803,11470,500
678:616,17,302,654,58,138,8,84,518,542
680:302,17,76,654,616,58,542,564,8,29
681:564,17,76,616,1002,245,353,302,378,8
682:168,719,984,76,226,5480,1326,17,8860,1400
683:663,66734,6740,32065,113893,89303,110546,111888,104893,122777
684:2548,2153,168,1400,760,719,984,1124,4394,5480
715:203,26181,51546,4671,77269,38083,22560,19806,30675,77765
716:17,616,302,654,58,542,861,642,650,8
741:363,17,719,616,302,654,168,76,58,564
750:17,302,654,616,58,84,8,29,542,650
754:17,302,616,654,8,58,650,518,564,15
756:17,302,654,58,616,29,84,518,8,6
757:736,17,190,302,654,616,58,84,76,564
758:650,564,17,302,616,62,654,58,76,8
763:302,17,654,616,58,76,84,29,8,1102
773:1709,5017,17,302,654,616,8,650,58,84
774:17,616,654,302,58,542,29,15,8,518
775:17,302,654,616,58,8,84,29,650,518
782:17,302,654,70,616,58,84,8,518,363
784:17,616,654,302,58,8,15,518,542,564
793:17,302,654,58,84,616,650,1102,8,70
803:899,17,48,1187,2162,875,302,84,654,1119
813:17,58,616,302,654,8,76,15,518,84
815:17,616,302,654,58,650,81,8,84,76
817:17,302,654,84,58,616,354,29,1102,8
818:168,719,661,1400,984,76,801,5480,1326,463
823:508,17,1002,245,616,302,8,654,58,518
825:17,302,654,616,84,58,76,8,518,564
833:17,616,654,302,58,542,8,518,15,650
835:17,8,302,654,616,58,84,518,289,542
838:10175,857,8066,817,219,8392,131,862,12861,2215
844:17,302,654,616,84,58,650,29,1102,8
850:361,866,17,302,654,354,76,29,84,58
856:17,302,654,616,58,8,84,518,542,76
857:17,654,302,58,616,29,84,8,518,650
874:17,654,616,302,58,8,542,15,518,84
891:866,17,361,302,654,29,354,84,58,76
899:17,508,616,302,245,654,8,58,65,518
900:407,17,2602,302,654,616,58,29,542,8
911:17,302,654,58,616,84,8,76,29,901
918:17,76,564,302,654,616,508,354,58,301
925:736,17,302,654,616,58,84,564,8,76
926:17,654,302,616,58,29,84,15,8,138
937:17,302,84,8,654,616,58,518,1102,15
949:118218,95433,920
964:17,245,301,302,654,616,774,131,58,8
970:2026,14636,939,20931,2656,8,19925,4300,9093,4613
977:17,302,654,616,58,8,84,76,542,518
981:441,1065,17,7869,245,1002,1744,710,8,13
982:899,48,17,1187,947,2162,302,84,1119,654
984:302,17,654,616,58,518,84,8,1102,29
992:81,17,500,508,616,302,76,245,654,8
993:17,302,654,8,650,616,58,84,866,70
998:17,8,302,518,616,654,70,58,84,508
1000:17,302,654,616,58,76,650,8,564,84
1007:302,17,616,58,654,76,650,29,8,84
1027:719,168,984,463,5480,8860,1400,661,2642,1326
1028:17,654,84,8,302,1102,616,58,518,29
1044:17,1102,302,654,84,616,58,8,409,518
1045:17,302,654,616,58,29,8,15,84,542
1049:698,76,17,564,616,654,542,302,58,81
1068:2021,4547,17,5574,76,1002,37706,69980,441,1018
1069:17,302,616,58,654,650,84,8,29,15
1070:17,302,654,616,58,8,29,84,518,101
1082:17,302,654,616,58,76,8,29,84,564
1083:4903,31086,108662,87395,3304,124,15141,225,71491,1884
1088:17,76,518,616,302,70,654,8,58,84
1094:17,302,654,616,84,8,58,518,76,650
1116:17,302,654,58,616,84,8,76,29,873
1121:26579,17,14573,1578,654,61,1061,101,99297,1102
1125:17,302,8,654,616,518,58,84,15,70
1127:17,616,302,654,508,58,32,8,542,787
1132:616,17,81,302,654,58,61,8,65,76
1133:17,302,654,616,58,84,29,8,542,76
1140:17,654,302,616,58,650,29,8,542,84
1141:1551,1468,17,7334,1077,1382,302,787,327,8
1148:834,2021,44,17,377,76,302,2982,508,12022
1153:17,302,8,84,654,616,58,518,70,101
1163:93420
1166:17,245,616,327,65,8,518,302,654,15
1172:17,616,542,302,650,564,654,58,508,8
1192:17,654,302,616,58,84,8,15,29,354
1204:2030,17,302,654,616,146,58,61,15,542
1208:17,654,302,1140,58,616,650,542,29,8
1209:508,17,891,76,302,616,8,1790,564,654
1234:224,17,1344,76,302,616,654,58,168,650
1236:327,17,302,616,58,654,8,76,542,518
1245:17,302,654,899,84,616,58,8,327,1119
1263:17,654,616,302,58,29,15,84,8,6
1267:17,302,654,616,58,289,84,8,518,76
1269:4755,1527,4825,10041,3172,3107,1352,2880,2337,1206
1288:9595,12557,21715,1219,26303,26123,23313,1017,34691,13282
1295:17,302,654,58,616,84,8,29,650,1102
1296:302,17,616,654,58,70,138,29,84,224
1302:17,58,302,616,654,564,8,138,76,542
1305:654,616,17,302,58,84,1102,29,8,518
1342:8,17,84,518,302,616,654,58,1102,101
1382:17,736,302,616,654,65,8,84,58,518
1389:9832,75115,61636,40853,1305,4245,99420,616,302,46458
1391:5741,16935,17426,1310,34309,26376,32,402,17,302
1397:3423,81,1888,226,140,986,1749,500,70,262
1402:17,654,302,616,58,29,542,84,15,8
1405:15022,1323,96890,24722,92558,4697
1407:18420,17,302,616,542,58,518,486,654,15
1408:76,8,17,302,616,654,84,518,58,564
1409:17,302,654,58,84,616,29,76,8,650
1412:138,17,302,654,58,616,84,70,354,29
1413:17,302,654,616,58,84,8,29,76,650
1418:17,302,616,654,58,84,8,518,29,1102
1419:1352,4755,3107,1527,189,2880,10041,3172,4825,1205
1420:17,84,302,654,1102,616,58,8,138,301
1427:17,302,654,616,58,76,542,650,8,84
1430:616,17,564,302,58,654,861,8,76,483
1431:17,302,654,58,616,29,84,8,289,101
1435:17,654,302,616,58,8,518,542,650,15
1437:238,17,1344,616,302,826,76,654,58,650
1441:27322,6559,3307,2548,245,2715,840,6745,931,3214
1447:17,508,616,302,654,245,32,8,327,518
1448:3307,17,245,7024,2548,8,542,76,81,650
1457:1023,17,1332,302,616,654,58,542,70,15
1458:17,654,302,616,8,58,518,542,245,15
1469:17,654,302,616,58,8,29,650,84,15
1477:17,8,564,302,616,654,518,84,65,58
1486:2318,463,6901,168,719,76,984,684,1326,8860
1490:17,361,327,358,302,654,866,616,58,76
1491:17,302,654,29,616,58,84,8,650,1196
1500:17,654,616,302,58,8,84,542,518,76
1503:17,302,654,84,616,58,29,8,518,1102
1517:16758,78351,1430,29593,73650,16202,57598,116471,9294,1902
1518:327,17,873,656,616,302,8,654,518,58
1535:17,616,302,654,8,76,58,518,564,84
1551:17,302,654,58,616,84,29,76,8,1102
1552:1465,35722,29723,19245,1402,70,29,500,10906,15294
1553:15,17,616,486,654,302,58,542,518,8
1559:17,58,302,654,616,542,29,84,301,285
1560:17,616,654,302,8,58,542,518,84,15
1561:17,302,654,616,58,8,650,564,542,518
1562:17,302,654,58,616,76,84,29,8,354
1569:6733,986,17317,57656,53395,74845,20396,81,65505,33170
1570:17,2342,654,302,616,18,84,58,8,518
1588:1503,9236,32297,1119,1187,84,88519,17,53,48
1589:17,302,654,29,58,616,84,8,301,76
1591:1506,69776,62108
1601:17,61,302,616,654,58,8,378,76,518
1602:17,616,245,302,542,654,70,8,518,58
1629:17,542,564,616,302,654,58,245,8,364
1634:13896,811,7418,17855,2265,76,9662,6901,8337,2901
1642:17,616,302,654,58,84,29,8,15,518
1653:17,518,616,654,302,58,15,8,289,508
1654:17,654,616,302,58,76,84,8,29,15
1655:17,302,616,654,58,84,8,518,1102,29
1668:17,302,654,58,616,542,29,84,8,650
1681:17,302,654,76,616,58,84,354,29,8
1703:17,302,8,654,616,84,899,58,518,245
1721:9916,245,15,302,17,654,61,616,58,542
1727:224,17,302,654,780,616,58,650,29,8
1728:17,654,302,29,58,616,84,8,1102,354
1745:15,17,65,616,2200,302,654,8,58,518
1746:17,302,616,654,239,58,1403,114,542,8
1751:17,302,654,616,84,8,58,787,518,76
1756:17,84,518,302,654,8,616,58,1102,29
1758:17,564,616,302,654,58,238,8,76,542
1761:4194,10451,81,226,17,23102,508,46994,542,245
1767:17,302,654,29,58,616,650,84,8,76
1779:25515,83224,67185,93631,93097,86913,103533,17395,1674,37843
1780:12637,9354,13960,64,140,67574,10503,48208,72271,731
1783:616,654,17,302,58,564,8,29,84,76
1787:17,302,654,58,616,8,84,542,650,518
1788:76,81,17,70,564,226,302,616,654,58
1794:17,542,616,654,302,58,61,364,15,8
1796:17,302,616,58,654,76,8,84,518,564
1803:17,650,302,654,354,616,58,1196,84,76
1820:327,4755,17,431,3107,1527,4825,3172,302,1352
1821:245,17,616,518,8,2193,654,813,58,15
1822:17,76,302,616,654,58,650,542,564,15
1823:17,302,654,616,58,8,29,84,518,1102
1840:17,302,654,58,616,84,8,29,76,518
1841:226,168,719,661,76,984,9874,17,8860,70
1842:654,17,302,58,289,101,616,84,29,8
1850:518,17,302,8,239,654,616,58,84,29
1853:564,17,361,302,654,616,698,76,58,8
1854:17,616,58,302,654,29,518,8,15,542
1862:17,654,302,58,616,84,8,76,29,518
1880:899,17,70,48,1187,2162,302,84,875,654
1883:17,616,302,654,58,84,8,564,518,15
1890:17,302,654,616,58,84,236,8,29,518
1891:6,302,17,654,58,616,29,84,8,15
1893:17,302,616,654,58,8,518,542,650,564
1894:17,302,76,654,616,58,650,8,84,29
1911:24319,103762,17966,11490,50448,97217,77921,29727,1793,42263
1912:70,17,302,654,358,616,58,8,1245,76
1913:363,17,616,302,654,58,2369,1822,8,518
1930:840,157,3196,2548,10541,27070,197,14793,5111,8069
1932:500,1730,17,10039,4413,76,616,654,58,81
1950:17,302,654,616,58,84,8,29,76,518
1951:18704,2121,1360,17,542,564,616,654,1287,899
1952:302,17,654,58,616,29,650,84,138,76
2005:17,616,654,302,58,8,84,518,542,29
2017:89797,20832,14132,1882,105631,111332,11246,47586,44039,13894
2025:7812,236,17,776,10075,8861,6766,302,20850,616
2030:81,17,302,616,654,58,780,1109,8,542
2034:4012,39774,22975,35598,64599,91758,1895,6186,1352,4755
2038:1690,17,302,654,58,29,616,542,15,84
2046:19871,17646,3372,26205,23245,87209,57841,15020,27296,10492
2058:3440,69,1917,1617,38690,12597,93408,17944,121818,88234
2068:17,616,518,302,654,58,8,61,32,542
2070:17,8,518,302,84,654,616,58,1102,76
2071:17,654,302,616,8,58,84,542,29,518
2072:17,84,8,302,654,899,616,58,518,1102
2074:2139,500,17,76,1205,8,827,616,302,564
2075:17,616,302,58,654,518,8,29,84,542
2076:89239,1933
2077:17,302,654,84,8,616,58,354,542,866
2080:302,616,17,654,8,58,84,518,29,650
2085:17,70,508,302,616,654,32,58,8,542
2097:17,302,8,616,654,76,518,58,542,84
2112:17,354,361,302,654,866,76,378,84,168
2115:17,518,616,302,654,8,58,327,542,84
2116:17,518,302,654,616,899,245,8,58,84
2123:17,302,84,654,616,58,354,70,301,8
2135:81,508,17,302,616,654,356,58,1410,986
2141:24068,1993,86181,27507,40527,81,76706,698,564,2204
2147:6589,49,18114,13203,6614,32352,4363,20911,40010,1998
2154:76,564,17,698,302,168,616,654,58,8
2160:17,654,616,58,302,542,101,289,8,84
2162:168,1069,1326,984,2318,8860,719,76,9874,5480
2170:616,17,654,302,58,542,8,861,15,650
2177:7590,2025,17,224,459,29,162,302,262,654
2184:17,302,654,58,29,616,84,15,8,285
2185:17,302,616,654,58,8,546,542,1348,76
2187:24747,2033
2211:70,17,238,302,654,616,901,58,76,8
2223:500,17,76,81,70,58,616,8,226,654
2243:17,616,654,302,226,8,787,363,58,518
2244:17,616,302,654,76,58,650,8,15,518
2247:17,76,302,8,654,616,58,84,224,518
2250:19633,2091,31607,54861,34058,49715,38737,4103,2194,7838
2253:81,17,500,780,76,616,302,226,70,58
2260:120278,78349,45572,44354,41132,36850,2099
2261:17,302,654,8,616,84,518,58,564,76
2262:2102
2290:17,302,654,616,58,8,84,76,29,564
2291:17,302,654,58,616,650,29,84,138,8
2293:8,518,17,289,84,302,616,654,58,101
2301:2141,17,4032,429,1102,182,302,2668,65,84
2302:5587,2559,20300,16229,2142,245,39395,1524,353,774
2304:168,1069,76,2318,719,8860,17,1131,564,984
2318:17,302,616,654,58,8,518,84,542,650
2325:17,518,302,654,84,8,616,58,947,1102
2335:17,58,302,654,616,76,650,564,8,84
2343:70575,104651,7071,2180,29227,108101,17,302,244,1145
2346:226,17,70,616,76,302,654,58,81,138
2347:18156,16248,84816,22345,120828,2186,100785,322,7728,74543
2348:17,302,654,616,58,29,518,81,8,138
2362:109679,87518,61944,58403,35855,2197
2363:654,58,17,302,616,29,84,8,650,542
2364:17,654,58,302,616,542,84,29,224,289
2369:226,17,398,70,616,302,76,654,8,58
2373:8,17,518,70,226,84,302,616,654,58
2381:17,302,654,616,58,29,902,8,84,542
2382:76,17,302,616,654,564,2140,58,8,4364
2384:899,48,1187,17,2162,875,302,1119,84,6450
2385:654,17,302,58,616,29,1196,84,8,542
2392:2222
2393:17,302,654,616,84,58,8,32,1102,518
2394:17,8,302,654,518,616,84,58,354,542
2395:302,17,654,58,616,29,542,84,8,6
2399:17,70,81,508,354,302,654,616,76,58
2405:17,616,302,654,58,564,8,542,518,15
2407:361,866,17,302,654,76,354,84,29,616
2408:17,302,654,84,58,616,8,29,1102,354
2419:2372,2249,58,8,616,654,76,568,17,302
2429:829,17,354,94,70,1382,245,302,9482,32
2447:17,302,654,58,616,650,29,84,138,8
2452:27176,2282,12832,95533,2848,27927,77590,22856,48061,1913
2453:35225,29657,23740,71417,47321,2283,11941,5523,20408,13396
2454:698,17,378,4755,76,508,616,564,654,8
2456:302,654,17,58,564,616,29,84,76,8
2461:17,302,654,616,58,8,84,76,650,518
2464:17,302,654,84,29,58,616,1102,866,8
2465:17,302,654,29,58,616,84,8,1102,354
2469:17,654,302,616,58,15,301,84,8,29
2489:2318,661,168,719,984,1326,801,1400,1528,8860
2491:33741,2319
2499:5869,1097,302,13523,17,42693,58,654,508,616
2500:17,302,654,866,616,58,84,8,29,76
2501:1825,931,17,947,1382,327,131,1405,8,119
2505:302,17,654,8,616,58,84,101,29,285
2510:2337,10291,2869,10406,1460,1326,76,17,508,297
2515:76,17,238,302,616,654,58,650,564,8
2518:2139,1730,10039,17,76,698,361,40,564,302
2520:17,8,616,302,654,518,58,84,542,508
2521:17,302,654,70,616,138,58,84,8,518
2524:29,302,17,654,394,58,616,84,650,8
2536:17,616,654,58,302,29,650,8,542,518
2541:17,616,302,654,58,542,8,84,518,76
2547:224,17,302,182,236,654,616,58,650,76
2553:2374,44131,21406,23309,21344,30616,64189,55188,34846,41115
2558:17,302,654,616,76,564,58,508,226,84
2560:17,302,654,616,8,58,518,84,650,542
2563:17,616,302,654,58,8,518,542,84,15
2573:17,302,654,616,58,650,542,29,84,8
2591:650,17,616,302,654,58,1196,409,8,76
2596:8,17,302,6,616,654,84,58,518,29
2597:81,17,780,76,58,302,262,226,616,654
2601:654,17,302,58,616,29,84,1102,8,354
2604:81,65,17,616,302,76,654,58,8,70
2611:17,302,654,301,84,616,58,8,947,518
2612:17,616,302,654,58,8,542,650,564,518
2615:17,302,654,616,58,8,84,29,15,518
2625:70,17,302,1744,226,654,616,76,138,84
2626:17,654,302,58,616,8,29,84,650,542
2634:17,289,61,654,616,58,302,2200,8,518
2636:17,302,654,58,616,301,84,29,8,76
2639:1382,17,302,616,654,508,8,518,70,1023
2650:10220,8836,32005,46994,57321,21562,2462,87621,4308,17731
2661:3213,17,616,518,302,654,8,84,58,101
2663:873,947,17,84,302,654,8,616,518,58
2666:17,616,302,58,654,409,45,542,650,8
2676:29,17,654,302,616,58,398,84,354,76
2689:17,508,302,616,654,58,65,8,542,518
2693:418,790,9827,63096,67824,94977,121778,121492,117290,112013
2708:17,76,302,654,616,518,58,8,508,354
2709:17,616,654,327,245,302,103,542,8,518
2713:518,17,32,8,616,302,1405,654,58,84
2715:168,719,5480,1326,8860,463,984,1528,7838,76
2716:2520,986,500,81,16542,8,542,616,226,1102
2727:17,302,654,58,616,29,84,8,322,1102
2730:17,302,616,654,58,564,8,542,518,84
2731:17,302,654,58,616,84,29,138,8,70
2734:5729,564,76,736,1069,17,518,616,4017,947
2735:8,17,4755,1352,518,84,302,616,654,189
2737:1348,17,302,654,616,58,8,84,650,518
2745:866,361,17,654,302,103,616,986,58,76
2746:2312,28632,47346,82402,2439,27014,38180,16151,27209,24118
2748:2545,23971,75919,64602,52976,6821,38282,17358,91945,99620
2756:17,302,654,616,58,84,62,8,650,356
2760:17,302,654,616,58,29,84,866,354,8
2776:2567
2799:441,17,3847,76,710,2593,508,8,1002,245
2802:17,302,654,84,58,616,8,29,1102,354
2803:43002,48155,2074,88529,2595,11718,347,670,14237,19829
2804:94,17,182,654,302,616,58,1764,650,84
2805:7322,3014,496,81,931,542,2121,1039,17,1099
2812:17,616,302,58,84,654,518,8,1102,29
2815:399,10648,984,168,719,1400,463,9874,661,8860
2827:17,138,508,302,616,1822,654,58,493,84
2831:17,302,616,654,58,650,84,1102,29,8
2846:17,58,302,654,8,616,84,518,289,29
2848:302,17,58,654,616,542,564,8,29,84
2853:2646,18850,29165,86461,38736,25669,3081,1081,262,1867
2854:17,899,302,654,48,84,1187,2162,616,58
2857:97,17,302,654,3514,58,616,650,29,76
2858:17,302,654,616,58,8,518,84,29,542
2861:219,2917,8772,10813,245,17,30936,6264,1410,15
2871:1352,1991,4755,189,378,17,5254,2028,3107,1527
2907:17,302,29,654,58,616,84,8,32,76
2912:1790,2068,9289,17,226,70,508,76,1023,302
2914:616,17,302,654,58,84,564,8,861,6
2924:2715,3177,1002,245,17,226,76,168,508,1744
2925:2548,5738,17,4425,61,245,2717,564,1752,76
2947:63775,33315,28341,2741,24301,18970,66993,66050,8643,46125
2951:6168,18529,302,30839,17,6,483,224,616,62
2959:429,17,616,302,654,8,58,542,518,76
2960:17,245,302,616,654,787,363,327,8,1119
2963:17,736,616,1196,654,302,58,8,564,542
2965:2757,564,135,650,984,3789,18240,6097,698,5557
2967:17,302,654,616,58,8,84,363,518,76
2970:17,616,861,302,654,58,483,394,273,8
2977:17,4262,1589,302,654,616,58,8,84,518
2981:17,302,654,616,58,84,29,8,15,354
2989:17,899,302,654,616,1119,58,358,76,8
2990:9127,5671,10348,8345,17271,741,22420,13581,29000,440
3002:2799
3004:719,168,661,984,2103,8860,10267,463,1400,1326
3011:8093,5465,64626,52257,109829,123142,616,12471,13396,7029
3013:378,17,931,1462,302,70,1790,76,508,654
3037:2826
3038:2031,17,8,13889,302,616,84,2827,32,564
3044:17,302,654,616,58,84,363,8,29,76
3070:76,17,302,654,616,564,58,650,8,84
3081:301,17,654,302,616,58,84,354,76,8
3100:17,654,58,302,616,84,564,29,8,301
3102:877,2888,168,984,1400,574,5480,463,719,5557
3105:616,17,542,654,302,58,94,8,518,84
3107:81,17,564,226,508,76,616,70,302,698
3110:17,32,616,302,654,931,58,8,518,542
3111:17,302,654,616,58,84,554,8,29,409
3113:429,17,302,616,654,58,8,542,76,650
3121:17,302,654,616,58,84,76,29,8,650
3125:17,138,302,301,654,616,58,84,8,29
3126:86726,2907
3129:17,654,302,58,616,650,8,84,15,542
3139:866,17,361,302,654,354,29,84,58,76
3144:8,17,2139,358,302,84,518,616,654,76
3152:17,616,409,302,654,58,8,542,518,1276
3166:34472
3167:17,736,698,2139,76,302,616,654,564,58
3169:17,302,616,654,58,8,70,518,84,542
3170:508,17,616,302,654,8,58,76,564,518
3172:2953,17,616,1254,302,654,58,542,8,861
3176:17,302,654,58,29,616,84,8,76,650
3183:302,17,654,58,616,29,358,84,76,650
3184:8066,49052,54805,53449,45066,9214,17266,56747,32221,32168
3193:17,302,654,616,58,84,29,8,542,650
3195:787,947,17,302,8,84,654,616,518,58
3220:17,302,654,58,29,616,84,354,301,8
3229:363,17,1109,302,616,654,58,8,84,15
3234:17,84,8,302,654,616,1102,58,518,29
3237:23967,28605,110318,11241,54099,41101,102041,28760,58923,22678
3238:327,17,302,616,654,58,8,76,542,518
3239:302,654,17,58,616,29,84,8,1102,650
3246:5975,7926,3034,10981,533,3150,8772,603,4671,4510
3258:17,302,616,654,58,518,8,84,542,29
3263:81,6,17,302,616,654,58,8,542,76
3264:3053,102063,103223
3277:2265,1913,1326,5738,2848,76,168,8860,17,719
3279:76,17,866,302,654,616,736,58,84,564
3295:500,17,76,10039,81,8,70,616,226,58
3305:385,17,76,2139,262,500,70,805,564,616
3306:8783,3095,5775,14470,16372,38740,32126,6901,102437,26134
3308:327,17,1109,302,616,654,58,1287,542,8
3309:17,654,302,58,616,8,84,29,518,15
3319:3109
3320:840,157,27070,2548,3196,17,10541,197,5111,8069
3328:17,302,654,616,58,84,29,70,8,15
3329:225,17,429,616,654,8,542,302,76,58
3335:17,302,654,29,58,616,84,8,650,76
3346:17,402,4268,616,245,1499,542,15,518,302
3352:17,301,61,327,654,302,616,58,8,84
3353:76,17,873,302,654,901,616,58,564,650
3360:17,302,70,654,616,508,84,58,8,29
3374:61,17,616,654,58,302,15,542,8,518
3376:81,70,17,302,654,616,58,226,76,650
3383:1462,17,70,138,654,302,354,84,58,29
3386:236,17,3448,302,654,58,76,616,564,10075
3411:70,17,302,654,616,58,273,29,84,8
3412:43024,129,62680,88275,79323,78657,72467,68683,56533,1007
3413:17,245,508,301,302,616,654,1410,8,58
3416:1712,4755,1352,2880,10041,189,4568,3107,1527,3172
3419:302,17,58,654,616,542,29,650,8,70
3421:302,17,654,616,58,29,84,8,1102,650
3423:508,17,616,8,302,58,654,76,564,518
3426:17,616,61,654,302,58,1196,554,542,8
3428:17,616,76,302,654,58,518,564,29,8
3429:17,616,302,58,654,29,866,84,8,76
3431:18459,3225,34500,683,47290,2139,88768,76,1730,80576
3432:76,17,302,654,616,564,58,650,8,84
3450:508,17,1069,76,616,302,58,654,564,8
3453:984,2318,168,8860,801,719,3601,5480,661,1326
3475:146,17,2030,302,616,654,58,8,245,518
3478:17,302,654,616,58,76,29,84,542,8
3479:17,322,182,654,616,302,58,8,650,518
3480:58,17,302,654,616,81,285,29,650,76
3490:17,302,654,616,58,8,76,29,650,84
3500:17,302,654,616,76,58,564,8,84,518
3514:17,654,58,302,616,76,84,8,29,289
3529:32499
3546:616,17,58,302,654,8,861,84,76,650
3547:17,58,302,654,616,650,84,6,29,8
3551:3177,219,1528,226,76,168,5738,297,719,1124
3557:168,2275,463,719,2318,984,352,297,5557,1400
3572:52546,29630,31775,1069,87374,60680,17,901,138,3360
3579:302,654,17,84,1102,58,616,29,8,354
3580:81,262,17,76,302,616,654,780,58,564
3593:302,17,8,650,654,616,58,84,29,518
3599:262,17,826,616,81,76,302,654,1444,564
3609:17,302,866,654,70,616,138,58,84,8
3610:17,84,70,564,302,226,654,616,8,58
3613:6545,13894,17,16340,70,76,508,226,2139,698
3628:4204,17,542,302,616,650,8,103,787,76
3656:302,17,654,616,58,15,8,29,84,542
3657:302,654,17,29,58,616,84,736,8,1102
3663:17,302,654,616,58,8,84,518,29,542
3674:17,616,654,302,58,8,564,84,542,518
3684:11824,568,10511,190,26739,10806,1937,5218,2361,332
3685:226,986,17,70,199,76,616,302,654,81
3686:26824,20608,79701,40957,7390,65371,3464,18318,88313,94588
3692:58,17,654,302,616,29,84,8,101,289
3694:236,17,356,302,616,654,58,8,650,76
3701:17,84,302,654,1102,58,616,8,736,289
3702:2031,1970,17,616,302,564,8,76,654,554
3717:17,302,616,654,8,58,518,84,650,76
3721:17,302,654,8,616,58,29,84,518,650
3728:901,2414,17,347,76,654,302,616,58,564
3735:17,302,654,616,58,84,8,518,650,29
3736:17,302,76,654,616,58,84,354,866,8
3737:17,76,302,654,616,58,84,8,650,29
3751:302,17,654,616,518,564,58,8,6,84
3752:654,17,302,866,138,58,616,15,29,84
3800:17,616,302,654,8,84,58,518,76,650
3811:5975,9006,21249,6192,34404,14287,22446,73759,54532,47429
3820:302,17,654,84,58,29,616,1102,8,138
3840:17,302,654,84,29,58,616,70,1102,8
3846:17,616,76,302,654,58,542,29,15,8
3849:17,302,654,84,29,58,616,1102,354,8
3850:17,302,84,654,8,616,1102,58,650,29
3857:17,84,302,654,58,616,8,1102,29,518
3859:654,17,302,616,58,542,101,8,84,32
3862:17,301,302,654,32,327,616,58,698,1119
3888:17,354,302,654,358,616,76,58,8,84
3911:45,17,616,302,654,58,518,650,542,409
3921:226,17,81,1023,70,302,654,616,140,76
3929:17,76,302,654,564,616,58,8,226,84
3930:302,17,654,616,58,301,8,84,518,787
3934:41004,44934,65778,50975,3727,65217,17084,6823,87844,20411
3947:17,76,302,8,654,616,84,58,301,518
3950:17,616,302,58,654,76,29,650,84,8
3962:17,650,302,616,654,542,58,508,238,8
3974:25282,16504,37879,16352,20216,42480,22389,9667,25768,11320
3975:616,17,302,654,58,15,861,8,542,650
3988:508,245,17,1410,81,616,302,654,8,564
4001:3797
4006:2030,17,1535,302,616,654,58,542,8,15
4007:1884,81,226,17,76,616,70,986,542,508
4008:70,873,17,302,654,84,616,226,58,138
4009:17,616,364,1196,698,654,302,65,542,58
4028:81,140,1749,17,1509,616,226,780,654,302
4031:508,17,616,8,302,654,58,76,564,518
4035:970,17,3207,8,518,2714,1827,10466,774,2403
4053:17,508,616,302,654,226,61,58,8,518
4064:17,616,58,302,654,29,84,8,76,650
4067:302,17,616,654,58,29,564,8,542,84
4068:1287,17,616,302,65,508,327,650,2200,564
4069:17,302,654,616,58,84,8,76,29,518
4075:3877
4076:3878,45461,25271,41634,87178,91878,31273,65579,46579,5738
4084:302,616,17,58,654,542,29,8,6,84
4091:17,302,84,654,616,58,8,32,81,518
4098:18687,4228,55674,29914,26871,9041,6456,2485,15228,4864
4103:17,302,654,736,616,58,84,8,236,29
4104:17,302,654,564,616,58,84,76,8,236
4124:2642,135,168,984,719,6772,8860,5480,25202,661
4132:17,616,518,302,654,58,8,542,32,508
4134:17930,3931,24768,110287,12084,46550,29007,32228,39380,51031
4138:17,899,81,508,302,48,1187,654,616,364
4140:1460,5738,297,168,1326,719,76,2337,984,2153
4149:72306,52911
4158:76,17,302,2548,564,616,654,58,8,650
4164:17,542,899,302,654,616,226,58,48,8
4167:1382,17,2140,302,8,518,616,654,84,508
4171:11563,3971,21905,9289,63474,67013,8321,68926,226,1511
4177:17,564,15,616,302,654,58,902,8,542
4179:654,17,302,29,58,616,84,94,8,354
4184:17,302,654,58,616,29,84,8,138,650
4190:3737,55545,20994,10762,28163,27086,12544,71332,91856,31182
4209:3676,1164,2025,100327,74525,24632,3361,83954,6694,14500
4210:289,17,58,654,302,616,101,518,542,8
4211:4024,7713,40470,40038,43926,4600,28789,88132,91309,100732
4213:17,616,302,58,654,8,518,650,84,29
4223:4036
4237:17,84,8,302,654,1102,616,58,518,15
4242:17,8,302,616,654,58,866,518,84,238
4248:3132,26401,931,86884,86333,5145,61489,2048,22269,13082
4249:76,17,302,564,654,616,58,650,2275,8
4265:395,17,302,654,58,29,616,84,239,1102
4269:302,17,654,76,616,58,542,70,84,138
4273:17,302,654,354,616,138,58,84,76,8
4275:302,17,650,654,616,58,84,8,29,76
4277:17,302,616,654,58,84,650,8,1102,29
4281:654,616,17,302,58,29,8,84,650,76
4301:17,58,302,654,616,70,84,508,8,138
4303:76,17,8,564,302,542,616,654,58,518
4304:17,654,302,616,58,76,29,84,8,354
4344:616,17,654,302,58,138,61,8,542,84
4353:2937,1131,17,654,787,302,8,616,84,518
4357:76,17,302,616,654,402,58,564,931,8
4365:2342,696,17,168,76,1147,7225,564,302,654
4371:17,616,873,861,302,654,58,1023,8,84
4372:17,302,654,508,616,58,84,8,327,76
4399:17,302,654,616,58,8,29,84,518,6
4400:17,76,302,616,654,58,224,6,8,101
4407:17,302,654,616,58,84,29,8,289,76
4424:1577,11896,12446,33375,77985,4242,100210,54895,102079,12222
4426:40596,10463,25551,9363,3926,54878,4244,4455,60193,8418
4436:564,17,873,931,616,302,76,654,8,58
4453:7991,50219,50273,71905,13894,11840,33420,4755,27070,3196
4457:518,17,8,616,302,654,65,58,84,568
4458:1703,17,616,542,364,58,245,564,61,518
4466:302,17,654,58,616,29,84,866,354,8
4469:17,302,616,58,654,15,8,542,29,84
4482:17,616,654,302,58,76,650,542,15,8
4507:17,8,302,654,84,736,616,58,518,1102
4514:302,17,654,508,616,58,361,76,29,84
4517:17,654,302,84,76,8,616,58,301,736
4519:4336,359,49928,18722,302,55480,1239,17,18364,3841
4522:25481,8275,37575,23964,8446,18338,8759,3522,4671,11270
4530:616,76,17,302,654,58,70,32,8,650
4537:294,17,4542,302,616,4032,8,654,542,58
4543:542,17,361,698,302,654,616,58,76,866
4562:76,508,17,65,302,616,654,58,564,8
4578:302,654,17,58,616,29,84,8,650,76
4588:654,17,302,58,616,736,289,84,29,76
4618:17,1382,245,1744,616,710,1002,8,302,518
4633:1121,23183,14769,18150,31670,33447,63166,68787,59931,68051
4637:40596,9363,10463,25551,54878,4244,3926,4455,12906,8418
4640:17,302,654,616,58,542,84,29,8,76
4641:4755,378,1352,1790,17,10041,508,2275,189,1712
4642:17,58,302,654,84,616,8,81,76,29
4651:239,17,302,654,616,58,29,650,542,3323
4665:17,302,76,654,616,58,564,84,8,736
4666:86873,4479
4682:13060,25589,4498,93881,22967,34204,33595,75809,54506,64511
4687:17,654,302,58,616,29,84,8,1102,650
4692:17,302,654,245,616,58,84,8,29,518
4696:9267
4702:6492,14937,20230,1322,6753,80060,68638,20153,61918,49097
4730:17,302,654,70,616,138,58,84,6,8
4736:17,302,654,899,84,616,58,361,8,29
4745:17,654,302,616,58,76,8,84,29,650
4749:76,17,1382,302,616,654,58,564,8,650
4751:4575,25910,8167,367,12332,3126,3477,81,70,57974
4760:2265,1913,76,17,2717,361,302,866,2139,654
4762:29,17,564,302,654,616,58,542,76,8
4767:76,17,302,654,616,564,58,650,8,84
4774:17,302,654,84,8,58,29,616,1102,518
4779:1822,17,493,578,302,616,58,147,654,7477
4788:17,302,84,76,8,654,616,58,354,518
4789:22610
4794:17,302,654,616,58,84,8,29,2030,1102
4796:9354,19547,10503,17,8454,81,47914,74505,840,1352
4797:17,302,654,616,58,84,8,29,76,650
4802:17,302,654,616,58,84,899,322,8,29
4816:5303,17,302,6009,58,616,654,736,84,8
4831:17,302,654,58,616,84,29,8,363,650
4834:17,302,654,616,58,15,8,29,518,542
4852:76,81,17,698,302,616,654,58,564,650
4863:17,508,301,302,654,616,8,1405,58,84
4870:866,17,302,654,616,394,58,29,361,84
4875:17,302,654,616,58,650,84,29,138,8
4889:17,302,654,76,84,616,29,58,354,8
4894:361,2139,17,500,866,76,302,654,1471,616
4898:4732
4910:17,302,654,58,616,84,8,29,1410,354
4919:17,302,654,70,542,616,354,58,226,84
4926:17,302,654,616,58,84,32,245,8,29
4934:4755,441,840,1352,189,17,9354,10041,508,76
4935:28,15,245,302,654,518,1410,508,616,2302
4944:3737,24309,18601,37199,15464,30029,4959,85308,17,70658
4946:226,17,119,70,616,302,654,8,58,76
4949:21963,8930,9758,12278,17,99807,88590,4778,508,8
4951:827,1970,1205,17,6733,1410,302,70,76,654
4956:302,17,654,70,616,58,61,29,76,84
4961:500,2548,17,616,81,76,58,654,245,8
4984:24054,4826,302,29,25826,2665,11108,2512,244,205
4986:302,17,58,654,616,29,8,84,363,76
4991:51581
4992:17,61,616,302,654,58,162,542,15,8
4998:654,616,17,302,58,70,29,84,8,650
5001:17,654,302,8,616,58,84,518,301,650
5002:1495,6503,8660,15921,24608,17,8,302,409,13889
5006:285,17,986,302,654,616,58,76,29,542
5007:245,17,1744,1002,616,302,15,8,654,518
5011:1272,72964,4862,3548,698,802,115725,117347,111388,103788
5015:245,17,616,15,302,654,518,8,58,4268
5018:17,302,654,8,616,58,84,29,518,650
5031:17,616,302,8,654,58,84,736,224,518
5039:82480,81252,29230,41431,90300,83535,21327,30786,79523,4901
5040:17,8,616,302,654,58,245,61,518,508
5047:402,103,17,616,542,58,302,654,32,15
5048:2292,17,616,76,58,302,650,564,8,500
5079:17,302,654,616,58,29,650,84,866,8
5086:17,81,564,226,302,76,654,616,698,361
5088:1804,1822,17,616,302,58,654,650,554,8
5089:97,17,302,654,58,616,29,76,650,84
5090:1600,17,508,11085,4953,76,5744,84,354,70
5097:1030,1435,17,508,616,302,8,542,76,654
5107:17,301,302,654,1535,616,58,931,8,1550
5108:500,17,76,81,70,58,616,226,8,654
5119:17,8,302,616,654,564,84,58,518,76
5120:254,17,3081,616,302,866,361,654,76,58
5129:1326,168,1205,1400,1528,574,719,76,7585,984
5147:17,302,616,654,58,84,29,8,285,76
5148:5019
5176:58,17,654,302,616,289,8,84,101,29
5180:5048,17,302,650,70,76,616,873,1405,1023
5188:378,4194,17,508,8,76,616,564,654,302
5202:51433
5207:3191,17,5731,302,518,84,616,654,8,58
5208:302,17,654,616,58,29,8,84,70,518
5214:65,17,302,654,616,8,76,518,84,58
5217:238,1109,17,302,616,654,58,650,542,8
5247:17,616,486,654,58,302,542,15,518,8
5271:226,17,70,616,76,302,654,58,81,138
5276:25974,1623,58142,20963,32280,37455,19929,73638,36752,47134
5279:17,654,302,616,84,76,58,1102,354,138
5288:17,302,654,616,58,84,327,8,76,29
5294:17,899,302,654,616,8,1119,518,84,1187
5299:17,302,654,58,616,76,29,542,84,650
5300:17,301,302,654,616,58,1023,84,8,518
5306:542,17,616,302,654,58,15,518,564,8
5307:5192
5309:17,899,1187,1119,2162,48,302,654,94,84
5323:14942,3855,901,409,273,5208,15573,16347,301,15
5325:59582,31976,5210,62270,89362,8611,105630,16073,19644,38747
5329:899,48,1187,2162,17,875,1119,302,84,6450
5335:17,84,302,654,1102,8,58,616,29,518
5358:327,17,2583,302,616,58,654,8,76,84
5361:654,17,302,58,616,138,285,29,84,8
5364:76,698,17,616,1196,302,654,40,564,58
5378:17,654,616,302,58,84,8,542,518,1102
5385:17,302,654,84,29,616,58,8,1102,354
5387:302,17,654,616,58,29,542,84,15,8
5397:17,302,654,58,616,84,29,138,70,8
5398:215,58,17,654,616,542,518,902,364,289
5403:17,302,616,654,58,84,29,8,138,650
5425:58,17,302,654,616,289,101,138,8,84
5433:17,302,654,650,58,616,84,29,8,76
5434:986,17,1200,654,302,616,5553,58,70,81
5435:302,17,8,84,518,654,616,58,1102,29
5436:17,84,866,302,654,361,58,8,616,1102
5438:17,8,84,302,654,616,58,518,1102,29
5449:262,81,17,76,616,654,302,564,650,58
5455:616,17,542,302,654,58,15,8,364,518
5456:902,17,616,8,675,302,518,654,58,84
5458:1410,17,302,8,616,245,654,518,564,3618
5462:17,302,654,616,58,84,8,518,327,76
5472:81,17,3137,140,226,1884,780,76,70,616
5474:17,654,616,302,58,29,84,8,354,518
5477:533,3177,5254,13166,76,378,17,5975,5360,1397
5478:1446,3977,905,17,13895,1410,508,8,616,76
5479:1521,17,1501,2526,1405,65,15,542,245,327
5480:17,302,654,58,616,29,84,1102,8,15
5499:81,262,780,17,5767,3137,731,302,654,616
5500:5382,69872,63192,14297,112645,111688,65045,30759,99656,90787
5502:18,17,518,654,8,302,616,650,58,199
5512:17,616,542,302,654,70,58,8,364,861
5527:17,302,654,616,58,84,8,29,76,394
5529:75526,5422
5530:616,17,302,654,58,15,8,542,162,650
5535:70,508,17,302,616,654,8,76,58,84
5536:1218,4213,60036,70,51999,17,48943,654,616,52178
5542:17,542,616,654,302,65,58,902,8,873
5551:17,76,302,654,29,616,58,15,84,8
5562:654,17,302,58,616,29,94,84,2030,354
5580:17,302,654,8,616,58,84,518,6,29
5584:4308,12968,2260,2856,11577,7940,5486,16360,31356,24065
5601:17,654,616,302,58,29,650,564,8,84
5611:17,302,654,650,616,58,8,84,508,76
5632:17,616,302,654,58,29,650,8,84,138
5640:5550,76,654,58,17,698,1970,190,2139,302
5644:533,5975,1397,2510,9054,4889,603,13341,53686,6311
5645:5857,17,2829,654,302,616,58,76,29,518
5656:17,8,84,302,654,616,58,518,508,1102
5666:236,8197,10641,3448,21171,4203,12253,564,28988,7795
5683:354,17,168,302,654,84,76,1326,5480,616
5691:5606
5696:518,17,245,94,8,616,302,84,654,58
5702:17,302,654,58,29,616,84,8,650,76
5707:4755,10041,1352,1205,17,4825,827,1460,3107,508
5717:358,17,4671,76,302,654,4021,616,58,650
5718:866,17,354,302,654,899,84,361,29,58
5721:699,17,84,654,8,302,616,518,58,1102
5722:17,616,302,654,650,58,564,518,8,76
5741:17,302,654,84,29,58,616,1102,354,866
5765:616,17,302,654,58,8,1405,518,542,76
5766:2406,5693,6906,14404,42870,1176,8226,358,43400,76
5780:17,654,616,302,76,58,8,650,84,70
5784:564,17,616,302,58,654,76,8,542,518
5788:5716,76338,41000,3591,74483,1730,47847,719,28577,18709
5798:1119,17,1405,8,302,518,616,84,654,5998
5803:17,302,654,616,58,84,8,650,29,518
5817:17,302,654,76,58,29,616,84,354,70
5822:19197,8901,31723,2534,17,518,15,8,302,616
5834:76,17,302,654,616,364,58,273,564,650
5858:70,17,698,1023,76,302,616,654,564,226
5863:7334,1589,9594,7622,17,2904,4671,8,8867,378
5864:17,76,58,302,654,616,226,6,8,650
5865:9662,8226,17855,48832,5807,63371,2400,85642,29473,61286
5866:5767,1326,81,4292,17,226,731,76,564,616
5876:353,1951,2268,1002,245,17,616,518,8,4268
5884:17,518,616,302,654,58,8,238,542,902
5890:29,17,302,654,58,568,616,97,84,650
5891:55418,5833
5892:107617,61544,44201
5894:718,17,1871,44,76,302,8,70,2312,654
5896:82447,4604,6779,65127,43442,14817,6097,40667,4499,336
5904:31058,10372,37462,39898,4471,38990,1277,91431,11152,2291
5905:8,17,84,518,302,616,654,58,1102,101
5922:17,616,302,84,654,58,354,8,1102,224
5923:8,17,564,616,302,654,58,518,84,861
5943:15,17,302,1109,654,616,58,3234,542,29
5947:1201,5887,10860,39828,65522,22192,554,32709,20261,41071
5956:17,616,302,654,58,542,518,8,84,650
5964:17,616,302,654,58,15,542,8,554,518
5978:3043,4146,5916,6901,50765,6117,2857,70,3288,1677
5990:17,65,302,654,616,97,58,146,674,8
5994:5932,63574,64804,15777,19135
6001:2512,2414,76,17,385,616,302,564,654,10267
6002:202,5925,17,616,302,409,650,1196,542,654
6013:1772,2631,17,9313,650,58,5956,302,4508,616
6018:94,1405,17,654,302,616,58,518,84,8
6020:2848,4,698,14524,76,5962,10787,10048,2265,654
6027:17,302,654,58,616,84,322,8,29,1102
6031:24143,14175,25915,30374,5970,112723,49961,101693,88420,86995
6062:262,947,17,302,616,654,76,84,81,5663
6067:70,17,899,302,1023,654,84,616,1462,138
6073:302,654,17,58,616,29,84,8,650,394
6076:616,17,58,302,654,861,238,8,542,327
6078:6503,7021,3992,9101,8,84,302,17,13408,25662
6083:61,17,616,654,302,58,15,542,8,7210
6093:17,302,84,654,1102,354,866,58,616,29
6109:953,17,6503,302,616,8,2609,654,84,58
6110:802,17,616,1410,76,564,508,8,2139,1471
6118:17,302,654,616,58,542,84,8,29,76
6128:17,302,654,58,616,29,84,70,8,650
6135:2068,5545,5254,1790,17,70,508,76,226,1023
6137:17,654,302,616,84,58,1102,8,29,301
6139:84,17,302,654,1102,8,947,616,486,58
6140:45,17,616,302,2429,58,654,542,650,409
6145:6102,30330,1761,13186,29,113497,18792,33218,1119,9745
6146:110943
6155:17,302,70,654,616,508,8,58,84,226
6161:17,398,302,616,654,1002,294,58,8,76
6162:58,17,302,654,616,101,6,29,8,84
6164:81,17,2967,205,302,58,654,616,226,76
6179:7926,911,5319,11590,1337,13341,25145,12294,35817,21249
6186:58,17,654,302,616,289,32,8,518,542
6192:70,17,302,654,1023,616,1382,58,84,8
6202:76,17,302,654,616,58,564,225,650,8
6205:76,866,17,361,302,654,616,58,29,84
6207:17,302,542,654,616,58,84,8,29,518
6210:17,616,8,84,302,654,518,58,1102,899
6219:4825,3172,4755,3107,1527,1352,2880,10041,6601,378
6228:17,654,616,302,8,58,518,84,289,29
6270:17,826,616,654,302,8,518,58,1551,542
6271:17,302,654,29,58,616,84,8,1102,650
6274:85894,6241
6283:17,302,650,654,58,616,301,84,29,8
6290:1511,17,616,892,654,302,58,542,8,15
6292:219,245,17,94,15,616,61,8,508,103
6298:327,17,616,1558,302,654,58,1287,8,76
6301:302,17,654,58,29,616,84,354,138,301
6312:20309
6331:81,262,17,378,5767,76,226,302,654,780
6336:17,508,736,302,899,654,616,873,84,8
6338:17,302,76,654,84,616,70,58,354,81
6345:17,302,616,654,564,58,8,84,101,76
6351:2265,1913,17,76,8715,302,361,654,8349,616
6357:17,302,654,8,616,84,58,542,518,29
6371:302,17,654,224,616,58,29,650,62,84
6391:69582
6392:76,17,8,81,226,302,616,654,58,698
6395:4708,4966,4755,16174,508,1352,17,3524,542,76
6404:719,2318,168,984,661,76,5480,1326,8860,7235
6407:17,302,654,616,58,8,84,76,518,70
6413:2596,5403,2025,44,302,168,17,224,1326,1682
6420:1682,399,168,2632,719,18669,984,1400,574,8733
6450:17,302,84,8,654,616,58,354,518,1102
6457:26715,6454,23602,67366,65223,83297,51112,49561,76,17
6469:138,17,302,654,901,616,58,84,76,70
6475:654,17,58,302,76,616,866,138,29,84
6520:81,17,226,302,654,616,76,70,262,1023
6536:6531,38537,14906,16350,2983,5195,32347,6960,16463,13700
6543:302,17,8,654,650,616,58,84,29,518
6555:17,302,654,84,58,616,76,29,8,1102
6565:1783,847,14924,28785,6398,10757,12580,46917,16118,27548
6568:8069,157,840,8772,4257,10541,2548,17,3196,245
6569:6569
6587:616,76,17,302,58,654,8,650,564,518
6593:302,654,17,58,616,29,84,162,8,76
6594:70,17,899,302,654,84,48,616,1099,76
6597:226,17,616,302,654,45,76,70,58,2512
6600:986,81,226,17,70,564,508,76,302,138
6601:18301,17,21149,6612,302,76,654,254,542,58
6602:6615,30436,94576,533,20390,16361,50141,5692,42598,2492
6603:3126,12734,4575,12332,17527,8167,25910,57974,3054,1069
6641:17,650,302,616,654,58,8,65,327,518
6642:17,76,302,654,58,616,84,8,29,650
6655:70,17,361,302,654,866,616,76,58,84
6658:1348,17,302,3039,654,8,84,616,58,518
6671:16208,22266,28076,37282,45284,85045,6698,96827,15389,3536
6676:17,736,361,302,654,616,58,84,866,76
6682:17,302,654,29,58,84,616,1102,354,8
6694:6720,58143,6432,36868,27741,4386,31969,84537,6449,23473
6698:105969
6723:76,17,378,719,302,564,654,616,58,650
6724:2609,17,3146,616,302,15,238,518,226,94
6725:29,17,302,654,58,616,84,8,650,354
6728:17,302,518,654,616,58,8,84,554,29
6735:302,17,654,76,616,58,29,650,84,8
6736:17,8,564,616,302,654,518,58,84,76
6737:65,262,17,302,654,616,431,58,76,8
6749:984,168,719,1867,5480,8860,1400,4877,7711,661
6755:84,17,1102,302,654,8,518,616,58,354
6773:17,302,654,58,84,616,29,76,354,1102
6792:616,17,84,302,654,1102,58,542,8,6
6793:17,302,84,654,616,58,70,8,301,1102
6843:17,302,654,616,58,84,8,354,542,301
6851:8,17,508,518,616,302,84,654,58,4755
6881:2292,17,500,616,76,6491,58,508,564,8
6883:17,301,302,654,616,62,58,182,394,84
6886:17,302,654,58,616,29,84,542,8,354
6889:17,302,654,84,58,616,8,29,1102,354
6894:25149,112582,5152,6922
6895:361,866,17,654,302,58,76,354,29,616
6898:76,564,17,616,302,698,654,58,262,358
6903:76,866,17,361,302,654,58,616,84,354
6932:1245,17,616,224,302,654,58,650,8,182
6933:17,731,616,302,76,8,508,81,654,128
6935:6972,86547,39786,104512,97616,25523,52826,111979,36213,17520
6939:17,302,70,654,354,616,58,101,289,84
6948:36229,58871,14973,83890,69299,65743,42118,69922,81784,84406
6950:6985
6958:6994,41847,2528,70,17,8,650,16676,866,4326
6960:866,17,901,302,654,361,76,58,1790,84
6966:16504,25282,6504,11320,34902,42480,16352,46451,20216,22389
6977:4542,17,616,4486,542,654,302,8,58,14929
6982:866,17,361,302,654,354,76,29,84,58
6983:7025
6984:873,17,790,418,7048,8,654,302,84,542
6992:774,1002,245,17,2696,1827,2714,2403,1744,3506
7005:17,302,654,616,542,58,354,84,508,8
7019:654,17,616,302,58,564,84,8,76,29
7027:7092
7034:17,616,76,302,654,650,564,58,8,736
7035:17,302,654,616,58,84,8,245,29,518
7036:138,301,17,302,654,58,84,616,354,70
7044:17,302,654,354,84,899,616,58,226,8
7053:17,901,1790,76,302,70,508,654,226,1451
7059:168,719,984,1326,5480,2318,8860,661,463,76
7069:119472
7077:7131,62125,64725,77790,43857,31168,32107,58530
7096:65722
7112:87556,27648,31143,5455,26621,35688,41085,77754,41626,7182
7116:508,17,61,616,302,654,58,8,15,76
7118:17,302,654,650,616,58,84,29,8,76
7133:17,302,654,76,29,58,616,84,8,650
7137:30669,28323,32568,40800,7212,76265,35500,4943,8563,7082
7140:8,17,84,518,302,616,654,58,1102,101
7159:17,58,616,302,654,84,354,138,289,8
7173:486,17,654,616,58,302,15,542,8,6
7178:4900,1288,17,302,1596,616,654,1952,52772,508
7183:17,302,654,58,84,616,76,29,8,1102
7184:94727
7188:7286
7192:17,302,654,616,58,650,542,84,8,29
7196:100992,7295
7203:866,17,361,508,302,654,1382,76,616,84
7214:17,245,354,302,654,94,616,1119,84,518
7224:17,245,616,302,787,654,65,58,8,518
7225:7326,45418,18087,557,63391,52049,21514,82752,105578,66575
7230:56592
7232:70,17,302,226,654,1730,76,616,138,84
7239:542,17,616,302,654,58,15,518,564,8
7242:7335,19029,5611,44935,67106,52233,9782,7614,22848,94354
7254:62715,38193,7345,68725,94872,100802,103073,88658,12703,94421
7268:302,654,17,58,29,616,84,6,8,650
7291:1002,245,2715,1744,17,441,4268,302,564,508
7294:17,8,84,302,564,616,654,736,58,518
7299:17,302,654,616,650,58,564,8,76,84
7303:79013,90600,37152,37147,35165,8518,7401,31468,30808,83785
7326:17,302,654,616,58,84,698,8,76,2139
7340:22498,15238,56166,11579,5670,1730,8897,3568,10039,4743
7346:76,17,238,302,698,616,654,564,58,901
7348:1832,302,654,17,58,616,29,84,76,542
7351:7455
7356:44,11899,5403,12136,1326,38736,81,18448,8470,1682
7366:17,302,654,84,616,58,8,138,29,1102
7367:7497,3946,7480,10521,95077,76,119788,65623,17,986
7383:21555,63014,36304,19886,98320,20327,899,48,1622,5187
7397:616,17,224,302,654,58,8,650,84,1245
7410:76,17,986,81,302,654,616,564,58,226
7414:182,17,302,654,749,1476,58,616,29,224
7419:1326,168,10778,719,76,8860,463,5480,984,1400
7429:7554
7433:17,302,654,616,58,84,8,29,394,76
7444:2139,1987,17,302,8,76,616,654,518,542
7451:3440,69,1917,38690,1617,17944,12495,1549,1551,62
7461:76,17,302,654,616,564,58,650,8,84
7466:353,1951,17,2268,245,518,8,616,185,364
7467:17,302,654,518,616,58,8,15,84,542
7488:17,654,302,616,76,58,8,29,84,70
7489:14819,7612,38713,67350,46178,24032,50463,85656,58835,98736
7517:7649,3378,22713,10178,186,11408,40483,36743,7478,32261
7518:17,8,302,84,654,616,1102,58,518,29
7519:17,302,654,616,81,58,84,899,8,518
7527:5587,2559,16229,20300,2142,245,39395,33882,774,1524
7542:901,17,2318,654,302,76,616,58,564,29
7555:7686,378,13716,72027,116662,103272,93182,5784,81074,73619
7556:2312,28632,16151,82402,47346,27209,24118,4158,5595,2439
7558:12722,10474,168,17,76,9375,616,564,302,226
7563:17,302,654,29,58,84,616,1102,8,650
7572:698,168,1326,5480,8860,719,1400,463,76,984
7586:168,2318,1528,2153,719,984,5480,8860,1326,7180
7590:17,58,302,654,616,84,29,8,76,650
7603:17,302,654,616,58,285,84,61,861,8
7605:17,302,564,654,616,58,84,8,76,518
7607:17,302,81,654,616,58,84,8,29,76
7608:17,84,302,654,29,1102,58,616,8,354
7612:861,616,17,654,58,302,8,542,650,84
7617:45908,46650,2641,654,37236,1119,17,755
7637:17,302,654,616,58,84,8,65,518,29
7657:2596,12092,17572,44832,17,17183,44850,76326,103715,650
7661:508,17,94,616,654,302,58,8,84,518
7678:4755,429,1352,10041,1527,189,3107,17,2880,3172
7682:11216,47276,7836,15556,3216,1462,1012,17,289,2073
7692:17,58,302,654,616,84,8,29,76,650
7699:7680,5215,226,27027,81,140,70,17,18966,13298
7707:17,302,654,58,616,84,29,354,138,8
7708:5262,10260,13174,947,616,45746,17,302,1471,182
7713:17,302,76,654,866,58,616,84,29,224
7734:48409,7893,36932,117620,17,61,394,1140,15,32
7741:654,17,58,616,302,29,650,84,8,76
7742:17,58,302,654,616,289,101,8,84,554
7743:616,76,17,564,302,654,58,226,8,245
7751:17,302,654,58,616,84,29,301,6,8
7760:508,17,1405,616,302,45,8,654,58,518
7766:297,13501,1326,168,76,226,5738,984,1460,352
7787:564,736,17,616,302,654,58,76,8,84
7813:2097,211,17,616,654,302,58,8,518,542
7818:76,17,564,616,302,654,736,58,861,8
7823:4372,14754,8009,76,7132,17,508,564,168,1326
7825:81,17,1462,70,302,654,58,76,616,226
7833:947,17,84,302,8,899,654,616,518,245
7841:17,616,302,654,58,8,84,6,518,29
7844:17,302,654,616,58,84,8,483,29,1102
7850:378,5567,17,508,8,302,616,654,70,76
7863:17,32,616,302,654,58,1109,8,542,518
7869:16504,25282,15332,9667,24014,17533,24183,37879,25768,22389
7888:302,17,616,654,58,8,650,29,84,518
7889:986,6545,226,17,81,70,508,76,564,302
7894:508,378,17,225,616,8,302,654,76,58
7903:35494,56187,49780,2048,3312,21840,122859,76561,80561,66041
7915:17,654,302,8,616,76,58,518,650,84
7921:9354,14508,10503,17,81,8454,76,5767,27291,840
7945:719,984,168,3789,76,463,1400,5480,661,8860
7946:17,508,302,654,616,94,58,8,901,1109
7949:17,226,32,616,654,302,65,8,58,518
7951:17,302,654,616,58,84,29,1102,8,564
7958:109666
7962:17,302,654,616,58,84,8,76,518,29
7964:294,17,1867,302,76,616,8,654,650,58
7967:2036,2509,8583,565,8159,453,56568,26531,53369,45974
7969:866,650,17,224,302,654,616,58,76,29
7975:17,302,654,58,616,84,358,8,29,76
7976:10486,9232,25192,62571,72994,17,7381,8169,64110,542
7977:17,302,654,361,84,58,616,866,29,8
7981:9879,8171,3378,22713,186,10611,65033,68179,45315,32261
7990:508,17,353,616,8,302,58,654,518,564
8002:1002,2715,5287,245,17,441,1744,13,710,2983
8008:8198
8009:616,17,58,302,654,8,76,861,518,564
8023:616,17,654,302,58,61,8,518,15,542
8032:508,17,1023,302,616,654,8,76,70,58
8036:10648,984,5480,719,135,168,1400,10267,5488,5557
8054:76,17,500,302,616,654,58,564,8,1276
8065:17,302,654,616,58,84,8,29,1102,15
8068:698,17,76,616,564,4,654,58,542,70
8069:17,302,654,361,84,58,616,866,8,29
8081:17,654,302,866,58,616,84,29,76,8
8090:17,302,654,58,29,616,84,1102,8,138
8097:1644,4453,17,508,76,542,8,616,564,654
8103:2068,946,5545,5254,9134,21406,25366,5125,35177,2374
8104:19176
8130:84,17,302,8,1102,654,1405,518,616,58
8134:91279,81349,8331,110396,104687,85498,114187,57519,105057,30144
8137:17,302,654,616,58,84,8,76,650,518
8141:719,1558,17,1131,76,616,564,654,8,302
8144:76,17,302,719,564,654,616,58,650,8
8150:17,654,616,58,302,76,542,564,8,84
8159:2200,17,616,8,302,654,15,518,65,58
8161:7151,54240,77681,8357
8163:866,361,17,564,302,654,76,616,58,84
8184:229,8384,17,81,780,654,302,616,58,8
8186:17,302,84,8,654,1102,616,58,518,29
8200:17,302,354,654,84,58,616,29,8,1102
8206:3347,1474,13695,30598,616,17,3224,787,19406,402
8217:616,17,58,61,654,302,8,542,15,518
8224:17,8,302,654,616,84,58,1102,518,138
8225:1827,774,2714,2403,2696,970,3506,1524,3207,245
8227:2980,245,1267,17,8,518,4798,103,542,61
8229:654,17,302,58,616,101,29,84,8,542
8245:9354,10503,17,8454,81,840,27291,14508,76,605
8263:50740
8264:3631,12872,17,542,616,5356,302,654,564,58
8270:301,17,654,302,58,616,1790,84,354,8
8276:302,17,654,29,58,616,354,84,70,650
8285:2326,17,58,616,654,302,542,518,8,15
8286:568,17,302,654,58,616,29,76,650,8
8287:81,17,76,780,262,564,616,70,302,654
8290:749,17,302,654,29,58,84,70,76,8
8310:533,1397,2510,9054,4889,3177,14268,4656,8640,7641
